1.848135424073937
[[1.14227156e+03 0.00000000e+00 9.83405493e+02]
 [0.00000000e+00 1.13657296e+03 5.44731001e+02]
 [0.00000000e+00 0.00000000e+00 1.00000000e+00]]
[[-0.61473549  0.51218633  0.01393745 -0.0066539  -0.20848088]]
[array([[-0.34161559],
       [-0.18227707],
       [-0.09495844]]), array([[ 0.03814203],
       [-0.02876767],
       [-0.07110982]]), array([[ 0.07884802],
       [-0.02640667],
       [-1.57983137]]), array([[-0.04152729],
       [-0.10714364],
       [ 3.10679151]]), array([[ 0.11904867],
       [-0.03903397],
       [-1.58284019]]), array([[-0.25180726],
       [-0.0714381 ],
       [-3.11430919]]), array([[-0.10408807],
       [-0.34598145],
       [-3.04948565]]), array([[-0.67530951],
       [-0.38507384],
       [-2.96459758]]), array([[-0.27254778],
       [ 0.21643275],
       [-1.68851591]]), array([[-0.08155256],
       [ 0.05260045],
       [-1.62397398]]), array([[ 0.50872237],
       [ 0.46299203],
       [-1.53862952]]), array([[-0.60703475],
       [-0.35342046],
       [-0.05893647]]), array([[-0.25781089],
       [ 0.02998857],
       [ 0.00345787]]), array([[-0.3405741 ],
       [ 0.11451424],
       [ 0.09646167]]), array([[-0.14276767],
       [-0.00493814],
       [ 0.03299431]]), array([[-0.08134195],
       [-0.06022954],
       [ 0.02130463]]), array([[-0.09338829],
       [-0.06386093],
       [-0.06405934]]), array([[-0.07793969],
       [-0.2883281 ],
       [ 0.13215119]]), array([[-0.24645263],
       [-0.05499461],
       [-0.12785546]])]
[array([[-1.18458077],
       [ 1.31020255],
       [15.83592989]]), array([[ -5.53047899],
       [-10.94770266],
       [ 29.67118562]]), array([[ 3.63068305],
       [ 5.66150668],
       [30.25624807]]), array([[ 4.17979067],
       [10.0918957 ],
       [30.9061342 ]]), array([[ 9.50015587],
       [ 2.85555422],
       [30.32284666]]), array([[ 3.09402524],
       [-0.69853924],
       [15.06660168]]), array([[12.99805274],
       [-0.82073343],
       [15.10115149]]), array([[11.24843726],
       [-0.96375667],
       [13.27177312]]), array([[-4.3855148 ],
       [ 5.76232377],
       [16.06123096]]), array([[-5.56574421],
       [ 5.44048177],
       [16.2070647 ]]), array([[-3.12288265],
       [-1.62926562],
       [26.83541824]]), array([[-7.6576888 ],
       [-6.91100945],
       [15.78465827]]), array([[-2.14106672],
       [-7.70934119],
       [16.78396137]]), array([[ 4.30553133],
       [-8.28334541],
       [17.67826344]]), array([[ 7.33343369],
       [-4.1067533 ],
       [16.988935  ]]), array([[ 1.65767888],
       [-3.62164854],
       [15.99256087]]), array([[-6.4617253 ],
       [-3.01533545],
       [16.00343776]]), array([[-4.64256778],
       [ 0.22993783],
       [15.2133669 ]]), array([[ 8.0362347 ],
       [ 1.67185028],
       [17.55551671]])]
