=== View Transform ===
0.0 0.0 0.0 0.0
0.0 0.0 0.0 0.0
0.0 0.0 0.0 0.0
0.0 0.0 0.0 0.0
=== Projection Transform ===
0.0 0.0 0.0 0.0
0.0 0.0 0.0 0.0
0.0 0.0 0.0 0.0
0.0 0.0 0.0 0.0
=== Intrinsic ===
792.370968 0.000000 987.337635
0.000000 790.097121 575.376868
0.000000 0.000000 1.000000
=== Distortion ===
-0.254186 0.047089 0.003255 0.002452 
=== Position ===
0.0 0.0 0.0
=== Extrinsic ===
0.986105  -0.074993  0.148233  -48.477757
-0.110924  -0.961485  0.251481  329.070489
0.123664  -0.264429  -0.956444  1285.430280
0.000000  0.000000  0.000000  1.000000
